Learned Hit Probabilities (0.00 = low, 1.00 = high)

0.11 0.28 0.17 0.30 0.16 0.30 0.16 0.29 0.23 0.30 
0.28 0.18 0.31 0.23 0.31 0.23 0.31 0.24 0.30 0.25 
0.17 0.31 0.24 0.33 0.29 0.33 0.28 0.33 0.27 0.32 
0.30 0.23 0.33 0.30 0.37 0.32 0.38 0.29 0.32 0.25 
0.16 0.31 0.29 0.36 0.31 0.40 0.31 0.37 0.27 0.31 
0.30 0.23 0.34 0.32 0.40 0.32 0.40 0.29 0.33 0.25 
0.16 0.31 0.28 0.38 0.31 0.40 0.31 0.36 0.27 0.31 
0.29 0.24 0.34 0.29 0.37 0.29 0.36 0.28 0.30 0.25 
0.23 0.30 0.27 0.33 0.27 0.33 0.27 0.31 0.28 0.31 
0.30 0.25 0.33 0.25 0.33 0.25 0.32 0.25 0.30 0.30 
