Learned Hit Probabilities (0.00 = low, 1.00 = high)

0.10 0.30 0.18 0.29 0.18 0.29 0.18 0.29 0.23 0.28 
0.26 0.18 0.30 0.23 0.32 0.22 0.31 0.22 0.30 0.24 
0.18 0.32 0.24 0.34 0.28 0.33 0.28 0.33 0.27 0.32 
0.29 0.22 0.33 0.28 0.36 0.30 0.38 0.29 0.32 0.24 
0.18 0.30 0.28 0.37 0.30 0.41 0.31 0.39 0.27 0.32 
0.29 0.23 0.36 0.31 0.41 0.32 0.40 0.30 0.35 0.24 
0.17 0.32 0.27 0.36 0.31 0.40 0.31 0.37 0.26 0.32 
0.26 0.23 0.35 0.29 0.38 0.29 0.36 0.28 0.29 0.24 
0.22 0.32 0.27 0.35 0.27 0.32 0.26 0.31 0.26 0.29 
0.28 0.24 0.33 0.24 0.32 0.24 0.31 0.24 0.28 0.28 
